% -------------------------------------------------------------------
%  Generated by MATLAB on 29-Apr-2016 17:20:36
%  MATLAB version: 8.6.0.267246 (R2015b)
% -------------------------------------------------------------------
                                 

K = ...
  [79.0556825830553 2.2360679774993049 -1.5811388299925784 -1.0969156803639168E+6 ...
   2.4020401409938317 -1.5878744831394755 2.8327359920915875E-12 62.541222876814587 ...
   1.5811388299933895 3.5807481220924563E-12 2.238075271210783 1.5811442625748653 ...
   ;
   -79.055041235887458 -1.0359185646450735E-12 -1.5811388301803906 1.64466483608327E+6 ...
   1.5575559591727074E-11 -1.5878744831459211 -2.236067977495531 -8.3182132938812811E-14 ...
   -1.5811388301758431 -2.2361377264075686 -3.3737293762825308E-17 -1.5811442625754286 ...
   ;
   79.054716959322846 -2.2360679775004639 -1.581138829994676 -1.9084418355454779E+6 ...
   -2.4020401410225007 -1.587874483139484 4.3718739159422037E-12 -62.541222876815567 ...
   1.581138829993616 3.580784709445043E-12 -2.238075271210783 1.5811442625748653 ...
   ;
   -79.0553305071643 -1.030096145011629E-12 -1.5811388301691074 1.4122833067673356E+6 ...
   1.3367948381371036E-11 -1.5878744831346137 2.2360679775043506 -1.6767970354434793E-12 ...
   -1.5811388301736284 2.23613772641636 -7.1399973558664158E-17 -1.5811442625742753 ...
   ];

